,City,Latitude,Longitude,Temperature °F,Humidity,Wind Speed,Cloudiness
0,Upernavik,72.79,-56.15,31.26,53,8.81,0
1,Arraial do Cabo,-22.97,-42.02,70.91,98,5.68,100
2,Talnakh,69.49,88.39,21.2,85,6.71,0
3,Dafeng,33.2,120.46,72.68,46,6.89,92
4,Hobart,-42.88,147.33,55.47,62,9.17,75
5,Hilo,19.71,-155.08,73.11,65,3.36,40
6,Khatanga,71.98,102.47,18.43,90,3.65,79
7,Qaanaaq,77.48,-69.36,19.29,65,10.74,85
8,Chumikan,54.72,135.31,38.08,82,4.81,12
9,Nome,30.04,-94.42,67.77,88,4.47,1
10,Bredasdorp,-34.53,20.04,55.76,71,9.17,97
11,Bafoulabe,13.81,-10.83,77.68,80,5.97,100
12,Centralia,46.72,-122.96,42.73,100,0.89,78
13,Kabompo,-13.6,24.21,62.89,84,2.75,82
14,Punta Arenas,-53.16,-70.91,42.37,75,10.29,75
15,Hofn,64.25,-15.21,47.1,87,33.77,99
16,Lensk,60.71,114.91,20.66,73,4.79,86
17,Manaure,11.78,-72.45,84.11,81,17.13,26
18,Saint-Augustin,45.63,-73.98,43.39,93,3.49,5
19,Sao Gabriel da Cachoeira,-0.13,-67.09,75.07,92,1.77,55
20,Jamestown,-33.21,138.6,68.9,25,2.21,71
21,Mataura,-46.19,168.86,51.01,98,3.0,100
22,Oktyabrskoye,56.73,85.44,37.94,69,6.71,0
23,Ponta do Sol,-20.63,-46.0,66.02,92,2.94,99
24,Ushuaia,-54.81,-68.31,39.2,80,24.16,75
25,Soyo,-6.13,12.37,75.65,87,7.86,100
26,Hithadhoo,-0.6,73.08,82.15,71,4.65,89
27,Aykhal,65.95,111.51,19.4,92,8.95,90
28,Camacha,33.08,-16.33,72.64,88,9.17,40
29,Vaini,15.34,74.49,69.8,94,2.17,75
30,Monrovia,6.33,-10.8,76.06,88,8.38,100
31,Kapaa,22.08,-159.32,76.71,94,9.17,75
32,Tiksi,71.64,128.87,25.23,88,12.64,100
33,Bambous Virieux,-20.34,57.76,71.02,83,11.41,75
34,Albany,42.65,-73.75,45.41,87,3.29,40
35,Luderitz,-26.65,15.16,59.0,62,17.22,0
36,Gat,14.69,-16.54,80.6,83,10.92,20
37,Saint-Philippe,45.36,-73.48,43.47,93,4.13,1
38,Zhangye,38.94,100.46,56.89,42,5.86,100
39,Butaritari,3.07,172.79,85.14,66,11.13,35
40,Bandarbeyla,9.49,50.81,78.71,87,11.79,72
41,Puerto Ayora,-0.74,-90.35,64.99,94,5.01,9
42,Mount Gambier,-37.83,140.78,55.4,76,10.29,90
43,Necochea,-38.55,-58.74,42.01,94,1.01,68
44,Thompson,55.74,-97.86,37.4,64,6.93,75
45,Mirnyy,56.57,36.46,37.13,96,9.06,100
46,Geraldton,49.72,-86.95,53.6,66,9.17,75
47,Mozarlandia,-14.74,-50.57,76.03,79,9.31,100
48,Sampit,-2.54,112.95,91.22,44,4.56,9
49,Yelan-Koleno,51.15,41.22,33.78,78,8.2,98
50,Barrow,-38.31,-60.23,45.93,56,6.55,27
51,East London,-33.02,27.91,60.8,93,13.87,75
52,Atuona,-9.8,-139.03,79.48,70,9.61,11
53,Rikitea,-23.12,-134.97,67.35,82,12.89,100
54,Rawson,-43.3,-65.11,54.25,38,16.6,100
55,Araouane,18.9,-3.53,87.33,10,12.9,1
56,Bluff,-23.58,149.07,88.86,18,10.05,0
57,Cap Malheureux,-19.98,57.61,70.81,83,11.41,75
58,Ilulissat,69.22,-51.1,26.6,63,2.24,14
59,Ribeira Grande,38.52,-28.7,65.89,65,14.23,0
60,Kodiak,39.95,-94.76,57.45,76,6.93,1
61,Ancud,-41.87,-73.83,46.4,93,3.36,90
62,Fairbanks,64.84,-147.72,33.66,93,4.7,90
63,Dikson,73.51,80.55,21.72,86,13.62,94
64,Grindavik,63.84,-22.43,44.6,100,4.7,75
65,Menongue,-14.66,17.68,61.86,76,5.14,100
66,Vostok,46.45,135.83,47.32,53,9.46,0
67,Lompoc,34.64,-120.46,55.53,93,5.82,90
68,Ihosy,-22.4,46.13,59.41,90,9.29,12
69,Busselton,-33.64,115.35,72.84,33,5.55,100
70,Port-Gentil,-0.72,8.78,77.93,86,10.67,94
71,Turukhansk,65.8,87.96,30.25,80,3.17,73
72,Te Anau,-45.41,167.72,47.12,97,2.2,100
73,Lavrentiya,65.58,-170.99,33.24,99,1.92,100
74,Sala,59.92,16.61,38.32,86,4.7,100
75,Boa Vista,2.82,-60.67,78.8,83,6.93,40
76,Castro,-42.48,-73.76,46.4,93,3.36,90
77,Broken Hill,-31.97,141.45,64.4,27,10.29,0
78,Luena,-11.78,19.91,61.05,91,2.08,96
79,Auki,12.18,6.51,72.46,90,6.78,100
80,Aragarcas,-15.9,-52.25,75.72,72,2.08,79
81,Norman Wells,65.28,-126.83,30.2,63,5.82,75
82,Monterey,36.6,-121.89,60.26,77,3.96,1
83,Takoradi,4.89,-1.75,76.08,91,10.19,98
84,Popondetta,-8.77,148.24,81.1,54,6.17,17
85,Georgetown,6.8,-58.16,79.14,83,4.65,100
86,Naze,5.43,7.07,70.23,97,1.1,100
87,Rafaela,-31.25,-61.49,60.48,65,1.99,27
88,New Norfolk,-42.78,147.06,55.47,62,9.17,75
89,Ternate,14.29,120.72,89.53,62,6.93,75
90,Siayan,8.25,123.11,87.08,55,3.64,55
91,Katsuura,33.93,134.5,72.43,35,14.99,20
92,Bure,10.52,10.33,70.52,97,3.04,70
93,Yuzhnyy,53.54,39.45,35.58,94,9.28,100
94,Killybegs,54.63,-8.45,46.99,88,3.0,56
95,Maragogi,-9.01,-35.22,70.19,95,3.83,19
96,Port Alfred,-33.59,26.89,60.01,91,3.0,15
97,Bulawayo,-20.16,28.59,64.15,38,3.87,0
98,Zhoucheng,31.35,119.33,73.4,56,11.18,75
99,Preobrazheniye,42.9,133.91,55.09,38,8.81,0
100,Avarua,-21.21,-159.78,71.6,60,6.93,100
101,Kruisfontein,-34.0,24.73,58.14,83,18.61,89
102,Salalah,17.01,54.1,77.0,83,4.7,20
103,Cape Town,-33.93,18.42,57.24,76,11.41,75
104,Pochutla,15.74,-96.47,77.0,88,4.47,75
105,Hermanus,-34.42,19.24,55.99,86,4.0,100
106,Sao Filipe,14.9,-24.5,77.14,84,13.6,18
107,Cairns,-16.92,145.77,90.1,61,6.93,74
108,Kavaratti,10.57,72.64,84.2,83,2.98,20
109,Chokurdakh,70.62,147.9,9.23,89,1.42,0
110,Presidencia Roque Saenz Pena,-26.79,-60.44,64.9,61,6.02,0
111,Codrington,-28.95,153.24,69.53,35,13.87,90
112,Narsaq,60.91,-46.05,39.2,80,8.55,75
113,Severo-Kurilsk,50.68,156.12,46.15,89,44.69,100
114,Asandh,29.52,76.6,77.32,55,6.08,0
115,Tuatapere,-46.13,167.69,51.01,98,3.0,100
116,Port Elizabeth,39.31,-74.98,59.74,59,9.17,90
117,Pinawa,50.15,-95.88,54.17,83,3.11,100
118,Cherskiy,68.75,161.3,18.81,91,5.42,96
119,Esperance,-33.86,121.89,78.8,27,14.99,100
120,Kichera,55.93,110.1,22.01,61,8.52,35
121,Santa Cruz,-6.22,-36.02,67.67,87,14.09,2
122,Mar del Plata,-46.43,-67.52,48.61,47,23.4,10
123,Churapcha,62.0,132.43,31.06,94,11.45,100
124,Akdepe,42.05,59.39,51.78,50,9.17,38
125,Nikolskoye,59.7,30.79,41.04,86,4.47,75
126,Kazachinskoye,57.69,93.28,35.85,67,4.02,0
127,Kualakapuas,-3.01,114.39,87.8,52,4.7,20
128,Honiara,-9.43,159.96,86.0,74,5.82,75
129,Barinas,8.64,-70.23,74.93,87,2.89,47
130,Mitsamiouli,-11.38,43.28,80.6,69,9.17,40
131,Sur,22.57,59.53,79.02,63,0.5,0
132,Stephenville,48.55,-58.59,48.07,87,5.82,75
133,Kutum,14.2,24.66,72.0,65,4.5,69
134,Dandong,40.12,124.37,63.88,54,10.14,79
135,Tuktoyaktuk,69.44,-133.03,28.4,86,8.05,40
136,Bemidji,47.48,-94.89,56.88,62,9.17,1
137,Doha,25.29,51.53,83.53,74,6.49,0
138,Manati,41.76,19.67,50.0,93,2.24,0
139,Kawalu,-7.38,108.21,83.98,47,6.98,2
140,Guiberoua,6.24,-6.17,71.36,99,3.91,100
141,Yaan,7.38,8.57,71.53,93,2.51,100
142,Zhigansk,66.77,123.37,19.79,88,12.75,57
143,Kaitangata,-46.28,169.85,50.0,92,14.0,100
144,Chuy,-33.69,-53.46,54.97,77,5.61,0
145,Shunyi,40.13,116.65,69.66,45,2.24,0
146,Flinders,-34.58,150.85,64.09,48,17.22,0
147,Torbay,47.66,-52.73,50.45,93,19.46,90
148,Manono,-7.3,27.4,71.11,82,0.63,100
149,Puntarenas,9.98,-84.84,70.47,94,3.36,75
150,Rafraf,37.19,10.18,66.2,77,5.82,40
151,Petropavlovsk-Kamchatskiy,53.05,158.65,48.2,66,15.66,75
152,Fortuna,38.18,-1.13,63.72,88,1.89,0
153,Qaqortoq,60.72,-46.03,39.2,80,8.63,75
154,North Bend,43.41,-124.22,50.16,81,17.22,90
155,Velizh,55.61,31.2,37.71,97,9.92,89
156,Vardo,39.62,-77.74,55.35,72,5.82,1
157,Leopold,38.1,-86.58,51.33,76,3.36,1
158,Brae,60.4,-1.35,51.01,93,14.99,49
159,Marawi,8.0,124.29,86.0,74,7.0,42
160,Bonnyville,54.27,-110.74,30.2,63,11.41,90
161,Kendari,-3.99,122.52,89.4,48,5.57,26
162,Rocky Mountain House,52.38,-114.92,19.11,92,5.84,100
163,Vestmanna,62.16,-7.17,50.0,93,12.75,61
164,Marienburg,52.12,9.98,52.63,81,11.41,20
165,Lichinga,-13.3,35.25,64.63,65,4.37,1
166,Cabo San Lucas,22.89,-109.91,80.22,65,6.22,5
167,Putat,-7.68,111.51,93.85,34,2.46,5
168,Charters Towers,-20.07,146.27,95.43,12,2.08,0
169,Nouadhibou,20.93,-17.03,77.0,57,11.41,0
170,Ambulu,-8.35,113.61,76.06,83,12.44,9
171,Rocha,-34.48,-54.34,53.96,55,7.44,0
172,Iqaluit,63.75,-68.52,35.28,87,4.06,75
173,Harper,30.3,-99.24,70.47,56,9.12,1
174,Sarangani,5.4,125.46,83.89,74,14.57,38
175,Port Hedland,-20.31,118.58,102.2,26,10.29,0
176,Krasnovishersk,60.4,57.08,34.72,84,1.38,100
177,Los Alamos,35.88,-106.3,53.69,50,10.29,40
178,Ojinaga,29.56,-104.41,79.03,37,5.82,1
179,San Patricio,-26.98,-56.83,63.25,78,5.12,0
180,North Guwahati,26.2,91.72,80.6,94,5.26,75
181,Camocim,-2.9,-40.84,72.9,85,6.54,64
182,Yellowknife,62.45,-114.38,30.06,86,11.41,90
183,Tautira,-17.73,-149.15,78.21,69,5.82,75
184,Lorengau,-2.02,147.27,84.67,69,7.58,86
185,Cidreira,-30.17,-50.22,61.84,91,5.06,0
186,Hobyo,5.35,48.53,79.14,81,4.43,61
187,Juan Lacaze,-34.43,-57.44,55.0,61,1.01,0
188,Sola,-3.17,33.8,70.61,60,6.31,100
189,Muncar,-8.43,114.34,88.27,43,7.38,41
190,Alofi,-19.06,-169.92,78.8,65,11.41,75
191,Manokwari,-0.87,134.08,80.98,68,5.17,100
192,Goya,-29.14,-59.27,65.84,75,7.14,0
193,Nuuk,64.17,-51.74,33.4,69,1.73,71
194,Dingle,11.0,122.67,85.94,69,5.32,80
195,Veraval,49.65,0.71,50.43,93,10.29,0
196,Namatanai,-3.66,152.44,84.54,71,8.23,0
197,Lebu,8.96,38.73,50.18,95,1.59,96
198,Arkhara,49.42,130.09,51.2,55,11.48,17
199,Coahuayana,18.62,-100.35,73.18,91,2.64,97
200,Zharkent,44.17,80.0,63.55,48,7.72,72
201,Sitka,37.17,-99.65,60.98,62,21.99,80
202,Souillac,45.6,-0.6,54.81,93,4.7,75
203,Bethel,60.79,-161.76,45.61,81,19.46,90
204,Meiktila,20.88,95.86,81.89,69,1.61,17
205,Qinhuangdao,39.94,119.59,67.6,28,13.58,100
206,Meadow Lake,54.13,-108.44,28.76,59,5.7,55
207,Clyde River,70.47,-68.59,23.0,92,4.7,1
208,Saint Anthony,43.97,-111.68,52.16,37,10.29,1
209,Ludwigslust,53.33,11.5,51.58,96,7.0,21
210,Finspang,58.71,15.77,41.02,100,2.24,100
211,Kloulklubed,7.04,134.26,87.8,70,17.22,75
212,Soe,57.91,26.05,40.51,86,6.93,91
213,Benguela,-12.58,13.4,71.35,90,10.07,98
214,Pangody,65.85,74.49,34.63,74,18.03,100
215,Rio Novo,-21.48,-43.13,67.95,97,5.65,100
216,Andros Town,24.73,-77.79,82.4,83,2.24,40
217,Delhi,28.65,77.22,79.32,83,2.24,0
218,Woodward,36.43,-99.39,64.56,52,19.46,1
219,College,64.86,-147.8,33.71,93,4.7,90
220,Whitehorse,60.72,-135.06,27.32,74,4.7,90
221,Mackay,53.65,-115.58,24.8,73,8.05,90
222,Sri Aman,1.24,111.46,80.24,83,1.68,75
223,Adjumani,3.38,31.79,65.21,96,1.79,100
224,Ossora,59.24,163.07,39.95,39,3.2,74
225,Faya,18.39,42.45,61.74,48,5.82,0
226,Toccoa,34.58,-83.33,63.28,82,3.36,90
227,Guerrero Negro,27.97,-114.04,69.2,80,14.92,65
228,Abadan,30.36,48.26,78.8,78,2.24,0
229,San Ignacio,-5.15,-79.0,58.64,97,0.94,38
230,Leh,34.16,77.58,32.07,45,5.09,5
231,Airai,-8.93,125.41,84.31,35,8.47,0
232,Pouebo,-20.4,164.57,80.47,48,4.14,0
233,Anadyr,64.73,177.51,37.18,80,15.66,40
234,Tsabong,-26.02,22.4,59.67,21,7.92,0
235,Yiyang,28.59,112.35,64.56,74,1.45,100
236,Beringovskiy,63.05,179.32,31.91,67,8.88,53
237,Carnarvon,-30.97,22.13,52.07,42,8.32,0
238,Richards Bay,-28.77,32.06,67.04,88,5.21,0
239,Santa Maria do Suacui,-18.19,-42.41,65.73,95,1.52,36
240,Xam Nua,20.42,104.04,72.77,70,2.51,69
241,Kovdor,67.56,30.47,34.09,98,5.64,100
242,Redmond,47.67,-122.12,42.69,81,6.93,75
243,Kulunda,52.57,78.94,52.84,62,5.91,0
244,Huilong,31.15,106.5,62.76,86,2.66,100
245,La Rioja,-29.41,-66.86,60.3,49,0.7,8
246,Tazovskiy,67.47,78.7,33.04,80,14.43,100
247,Waitati,-45.75,170.57,53.01,84,7.0,100
248,Saint George,39.45,22.34,59.0,100,3.36,75
249,Yershichi,53.67,32.75,37.27,78,8.13,93
250,La Ronge,55.1,-105.3,30.2,86,8.05,40
251,Inuvik,68.36,-133.71,33.8,69,3.36,75
252,Yar-Sale,66.83,70.83,34.93,83,12.97,100
253,Atyrau,47.1,51.92,46.4,81,4.47,40
254,Emerald,-23.53,148.16,87.91,12,12.75,0
255,Parintins,-2.63,-56.73,76.62,83,2.02,60
256,Goundam,16.42,-3.66,88.54,12,7.47,26
257,Lillooet,50.69,-121.94,31.77,41,17.22,90
258,Berdigestyakh,62.1,126.7,29.55,91,9.51,100
259,Segovia,40.95,-4.12,62.4,67,6.93,0
260,Sinnamary,5.38,-52.96,81.86,80,18.59,38
261,Hami,42.84,93.51,66.92,15,8.57,95
262,Kourou,5.16,-52.64,75.2,94,6.31,52
263,Tucuman,-17.17,-70.89,47.57,55,0.65,0
264,Aswan,24.09,32.9,81.91,35,10.86,0
265,Yarada,17.65,83.27,80.6,88,6.93,75
266,Antofagasta,-23.65,-70.4,59.0,72,3.36,90
267,Urengoy,65.96,78.37,32.77,80,13.65,100
268,Bembereke,10.23,2.66,70.07,97,3.11,57
269,Pizarro,4.95,-77.37,78.82,83,4.76,100
270,Porto San Giorgio,43.18,13.79,53.01,100,5.82,0
271,Mitu,36.2,46.09,47.12,65,2.17,57
272,Bayan,36.1,102.26,43.03,91,4.76,100
273,Saint-Francois,46.42,3.91,54.55,93,3.36,77
274,Kuusamo,65.96,29.19,32.0,97,8.05,90
275,Acapulco,16.86,-99.88,75.11,97,2.19,100
276,Almaznyy,48.03,40.04,32.0,68,4.38,98
277,Tahe,52.34,124.71,33.37,98,2.44,100
278,Muros,42.77,-9.06,50.9,100,16.08,20
279,Margate,-43.03,147.26,55.47,62,9.17,75
280,Tual,-5.67,132.75,79.83,79,3.47,88
281,The Valley,18.22,-63.06,83.71,74,6.93,40
282,Otradnoye,59.77,30.8,41.04,86,4.47,75
283,Ixtapa,20.71,-105.21,84.6,89,4.76,40
284,Mount Isa,-20.73,139.49,87.8,10,11.41,23
285,Pacifica,37.61,-122.49,62.76,72,16.11,40
286,Gamba,28.28,88.52,33.53,61,4.88,58
287,Cayenne,4.94,-52.33,75.2,94,6.31,0
288,Erzin,36.95,36.2,64.67,72,4.7,1
289,Chernyshevskiy,63.01,112.47,20.28,81,4.76,93
290,Quatre Cocos,-20.21,57.76,70.92,83,11.41,75
291,Masallatah,32.62,14.0,62.72,69,3.58,57
292,Taoudenni,22.68,-3.98,81.1,11,7.56,0
293,Longyearbyen,78.22,15.63,33.8,87,5.82,75
294,Kondinskoye,59.65,67.41,46.67,91,1.61,99
295,Pacific Grove,36.62,-121.92,60.53,77,3.96,1
296,Blagoveshchensk,50.29,127.53,51.8,49,11.18,20
297,Bhilwara,25.35,74.64,78.62,43,1.96,0
298,Svobodnyy,53.85,40.53,30.0,90,1.99,93
299,Sao Joao da Barra,-21.64,-41.05,74.19,88,17.93,3
300,Sherwood,45.36,-122.84,44.71,66,3.86,20
301,Taltal,-25.41,-70.49,53.31,79,1.87,36
302,Rome,41.89,12.48,55.56,82,2.24,0
303,Palmer,-34.85,139.16,61.34,51,17.22,1
304,Faanui,-16.48,-151.75,76.66,85,24.23,81
305,Ondjiva,-17.07,15.73,64.72,27,6.91,70
306,Arman,59.7,150.17,31.78,96,8.16,100
307,Aklavik,68.22,-135.01,33.8,69,3.36,75
308,Victoria,5.28,115.24,86.72,74,4.7,75
309,Bend,44.06,-121.32,37.71,78,14.99,90
310,Santa Cruz de la Palma,28.68,-17.76,71.6,68,11.41,90
311,Pevek,69.7,170.27,30.81,83,17.67,100
312,Bourges,47.08,2.4,51.93,100,8.05,90
313,Rio Grande,-32.03,-52.1,54.0,95,0.29,12
314,Karratha,-20.74,116.85,104.03,8,3.24,4
315,Luangwa,-15.62,30.4,75.0,43,3.44,0
316,Mercedes,-33.25,-58.03,57.99,87,1.99,0
317,Tasiilaq,65.61,-37.64,41.0,75,10.29,100
318,Pisco,-13.71,-76.2,60.6,82,3.36,90
319,Omsukchan,62.53,155.8,17.6,78,3.17,100
320,Liverpool,53.41,-2.98,50.05,87,8.05,0
321,Changping,40.22,116.23,70.3,45,2.24,100
322,Vila,45.18,8.4,56.8,87,1.12,90
323,La Vega,19.22,-70.53,79.48,94,5.82,75
324,Belmonte,40.36,-7.35,60.98,84,4.45,63
325,Vanavara,60.35,102.28,24.13,59,12.1,100
326,Kavieng,-2.57,150.8,85.23,71,10.46,4
327,Alice Springs,-23.7,133.88,77.0,13,12.75,0
328,Dunedin,-45.87,170.5,53.01,84,7.0,100
329,Bambanglipuro,-7.95,110.28,76.64,83,10.29,97
330,Okhotsk,59.36,143.24,32.67,97,9.84,100
331,Salisbury,51.07,-1.8,51.08,87,8.05,100
332,Marystown,47.17,-55.16,49.69,91,15.17,100
333,Kununurra,-15.77,128.74,102.2,16,14.99,0
334,Naron,43.52,-8.15,54.25,100,5.82,20
335,Dunmore Town,25.5,-76.65,82.7,79,7.76,100
336,Los Llanos de Aridane,28.66,-17.92,71.6,68,11.41,90
337,Vangaindrano,-23.35,47.6,68.11,96,3.11,35
338,Fredonia,5.93,-75.67,54.68,100,2.24,40
339,Port Lincoln,-34.72,135.86,55.9,60,9.79,100
340,Rovaniemi,66.5,25.72,32.0,97,8.05,90
341,Carutapera,-1.2,-46.02,78.94,76,8.7,53
342,Umba,66.69,34.34,39.2,94,7.55,100
343,Hasaki,35.73,140.83,74.14,46,3.36,20
344,Zhaotong,27.34,103.71,62.35,73,6.78,5
345,Porbandar,21.64,69.61,82.4,83,6.36,5
346,Yukhnov,54.74,35.23,36.75,92,7.81,98
347,Hambantota,6.12,81.12,77.0,100,3.36,40
348,Vila Velha,-3.71,-38.6,78.91,74,19.46,40
349,Meulaboh,4.14,96.13,79.28,79,3.78,83
350,Gravdal,59.79,5.78,46.96,100,13.87,100
351,Muroto,33.37,134.14,78.8,27,11.41,20
352,Irece,-11.3,-41.86,67.84,79,12.52,10
353,Juegang,32.31,121.18,75.52,53,10.33,66
354,Saint-Georges,46.12,-70.67,37.99,5,2.55,0
355,Susanville,40.42,-120.65,58.96,33,6.93,1
356,Klaksvik,62.23,-6.59,50.0,93,12.75,67
357,Itoman,26.12,127.67,83.28,58,18.34,40
358,Nowy Dwor Mazowiecki,52.43,20.72,50.05,100,11.41,75
359,Mayo,63.59,-135.9,26.6,79,3.91,75
360,Barcelos,-0.97,-62.93,74.39,90,2.06,7
361,Naklo nad Notecia,53.14,17.6,51.69,100,11.41,90
362,Saldanha,41.42,-6.55,53.99,87,6.6,1
363,Belyy Yar,53.6,91.39,44.6,70,6.11,94
364,Xique-Xique,-10.82,-42.73,79.88,64,22.1,0
365,Grafton,-29.69,152.93,69.69,30,16.11,0
366,Itarema,-2.92,-39.92,76.06,79,11.48,15
367,Port Hardy,50.7,-127.42,41.0,75,8.05,5
368,San-Pedro,4.75,-6.64,76.75,87,16.07,92
369,Dolgorukovo,52.32,38.35,34.32,81,9.37,61
370,Usinsk,66.0,57.56,32.03,80,14.41,19
371,San Matias,-16.36,-58.4,75.78,71,4.61,91
372,Guiglo,6.55,-7.5,70.9,99,2.89,100
373,Pringsewu,-5.36,104.98,87.89,48,4.12,15
374,Ouesso,1.61,16.05,68.41,98,1.41,100
375,Marathon,48.72,-86.38,53.04,79,14.7,32
376,Portland,43.66,-70.25,46.85,71,4.45,1
377,Nabire,-3.36,135.5,80.44,86,1.05,96
378,Concepcion del Uruguay,-32.48,-58.24,59.18,82,4.91,1
379,Reo,12.32,-2.47,75.42,84,9.36,100
380,Mehamn,71.03,27.85,40.14,80,19.46,75
381,Labuhan,-2.54,115.51,96.42,33,1.83,0
382,Kishapu,-3.61,33.87,72.41,56,9.31,75
383,The Pas,53.82,-101.24,37.4,59,14.99,90
384,Laramie,41.31,-105.59,50.31,16,6.96,1
385,Serenje,-13.23,30.22,63.59,59,4.21,33
386,Coruripe,-10.12,-36.18,68.2,95,6.24,46
387,Shanghai,31.23,121.49,73.27,60,8.95,40
388,San Juan,-31.54,-68.53,54.19,36,3.06,28
389,Weyburn,49.67,-103.85,39.56,90,15.01,100
390,Kaihua,29.14,118.41,77.86,57,2.89,0
391,Sioux Lookout,50.1,-91.92,59.0,51,11.41,40
392,Noumea,-22.28,166.46,79.97,65,5.82,90
393,Manado,1.49,124.85,91.4,52,3.36,40
394,Moose Factory,51.26,-80.61,53.6,62,14.99,1
395,Zemio,5.02,25.13,68.22,98,2.99,100
396,Miraflores,-16.39,-71.52,53.6,18,4.7,0
397,Tabas,33.6,56.92,66.2,19,4.7,0
398,Ayna,38.55,-2.07,58.33,93,5.82,0
399,La Palma,5.36,-74.39,68.3,97,2.89,100
400,Shimoda,34.7,138.93,74.37,53,20.8,20
401,Aksarka,66.56,67.8,34.84,95,5.55,100
402,Tilichiki,60.47,166.1,35.78,63,2.64,5
403,Jiuquan,39.73,98.49,50.16,41,9.74,100
404,North Platte,41.12,-100.77,59.83,67,11.41,1
405,Matay,28.42,30.79,73.16,45,9.84,32
406,Lata,30.78,78.62,36.16,73,4.52,10
407,Shahrud,36.42,54.97,44.29,37,1.9,0
408,Constitucion,23.99,-104.67,62.6,45,5.82,5
409,Bay Roberts,47.58,-53.28,50.45,93,19.46,90
410,Lakhimpur,27.24,94.1,75.2,100,3.36,75
411,Lengshuitan,26.41,111.6,79.18,43,3.17,62
412,Thunder Bay,48.41,-89.26,54.59,58,5.82,75
413,Natal,-5.81,-35.21,75.2,83,6.93,40
414,Kapit,2.02,112.94,90.28,57,1.44,72
415,Ahipara,-35.17,173.16,70.0,84,14.34,75
416,Sena Madureira,-9.07,-68.66,76.73,62,0.47,0
417,Choya,52.01,86.55,54.21,74,0.26,0
418,Linxia,35.6,103.21,43.79,89,3.27,100
419,Yumen,40.29,97.04,60.44,23,13.51,100
420,General Pico,-35.66,-63.75,55.11,27,2.93,100
421,Egvekinot,66.32,-179.17,27.35,95,12.73,79
422,Lasa,34.92,32.53,65.43,88,5.82,0
423,Sao Jose da Coroa Grande,-8.9,-35.15,77.81,77,16.14,15
424,Cabadiangan,10.45,123.98,89.6,62,6.93,75
425,Singaraja,-8.11,115.08,80.82,66,5.3,92
426,Kahului,20.89,-156.47,78.73,58,17.22,40
427,Graham,33.11,-98.59,66.83,40,8.05,1
428,Mayumba,-3.44,10.65,76.37,88,11.61,97
429,Saint-Joseph,43.56,6.97,54.52,82,3.36,75
430,Cabra,37.47,-4.43,63.28,67,3.01,0
431,Trincomalee,8.58,81.23,82.97,72,3.0,0
432,Concepcion del Oro,24.63,-101.42,64.56,52,8.77,0
433,Parabel,58.71,81.5,36.48,81,5.38,73
434,Kirkland Lake,48.15,-80.03,46.4,81,3.36,1
435,Yulara,-25.24,130.99,82.4,15,10.29,0
436,Cam Ranh,11.92,109.15,89.6,62,9.17,20
437,San Cristobal,14.68,-86.92,68.05,90,4.22,95
438,Kastamonu,41.38,33.78,42.29,97,1.72,31
439,Sompeta,18.93,84.6,79.86,77,3.07,91
440,Vanimo,-2.67,141.3,83.77,69,7.59,100
441,Turayf,31.68,38.65,68.0,60,6.93,0
442,Fort Frances,48.61,-93.4,58.08,54,5.82,1
443,Port Moresby,-9.47,147.16,84.2,74,5.82,75
444,Bathsheba,13.22,-59.52,82.4,69,18.34,40
445,Massaguet,12.48,15.44,71.6,94,17.22,40
446,Kailua,21.39,-157.74,81.79,69,5.82,20
447,Ambon,47.55,-2.56,55.06,93,4.7,75
448,Beberibe,-4.18,-38.13,78.8,74,19.46,40
449,Sao Paulo de Olivenca,-3.38,-68.87,74.51,81,0.98,0
450,Nhulunbuy,-12.18,136.78,86.0,51,13.87,20
451,San Quintin,17.54,120.52,87.64,60,3.44,0
452,Bulaevo,54.91,70.44,52.39,79,8.08,97
453,Leningradskiy,69.38,178.42,32.65,81,21.56,100
454,Honningsvag,70.98,25.97,39.83,80,18.34,75
455,Grand Baie,-20.02,57.58,70.81,83,11.41,75
456,Laem Sing,12.48,102.07,90.77,70,3.36,20
457,Azanka,58.04,64.79,44.38,95,2.19,55
458,Voi,-3.4,38.57,68.05,91,3.85,64
459,Kupang,-10.16,123.6,87.8,52,13.87,20
460,Anzio,41.45,12.63,55.8,82,2.24,0
461,Calvinia,-31.47,19.78,46.83,58,6.46,0
462,Abha,18.22,42.5,61.74,48,5.82,0
463,Saskylakh,71.97,114.09,17.64,95,5.42,89
464,Pocao de Pedras,-4.67,-44.85,76.26,79,7.85,7
465,Tura,64.27,100.22,18.88,75,15.26,59
466,Medea,36.27,2.77,57.2,93,3.42,0
467,Bhopal,23.25,77.4,77.0,69,3.36,0
468,Axim,4.87,-2.24,73.76,95,6.06,100
469,Hirara,24.8,125.28,82.4,58,17.22,20
470,Husavik,50.56,-96.99,54.91,79,16.72,100
471,Lima,-12.06,-77.04,60.8,87,5.82,90
472,Pontes e Lacerda,-15.23,-59.33,72.54,80,1.64,55
473,Tessalit,20.2,1.01,80.56,16,3.51,40
474,Pumiao,22.75,108.49,82.4,69,2.24,40
475,Mulchen,-37.72,-72.23,48.25,69,3.19,100
476,Maniitsoq,65.42,-52.9,36.36,43,8.47,94
477,Berlevag,70.86,29.09,39.2,80,19.46,75
478,La Maddalena,39.15,9.02,59.65,93,8.05,0
479,Havoysund,71.0,24.66,41.0,80,18.34,75
480,Carnaiba,-8.7,-37.67,68.43,75,13.67,0
481,Tampa,27.95,-82.46,75.11,88,6.93,75
482,Provideniya,64.42,-173.23,41.0,80,6.71,90
483,Kasongo-Lunda,-6.48,16.82,65.53,95,0.76,100
484,Bereda,43.27,-7.54,49.86,100,5.82,20
485,Ishigaki,24.34,124.16,82.4,69,19.46,20
486,Ola,59.58,151.3,37.04,81,20.0,100
487,Miri,10.31,9.75,69.87,90,3.38,41
488,Qasigiannguit,68.82,-51.19,26.6,63,2.24,19
489,Buxton,-25.19,152.54,80.29,51,23.04,12
490,Den Helder,52.96,4.76,53.92,76,18.34,90
491,Boddam,57.47,-1.78,48.97,76,9.17,96
492,Sladkovo,55.53,70.34,51.62,81,8.22,80
493,Dawlatabad,36.41,64.91,67.67,21,2.01,76
494,Bolkhov,53.44,36.0,35.09,89,11.27,100
495,Kudahuvadhoo,2.67,72.89,81.9,76,11.32,35
496,Nanortalik,60.14,-45.24,40.57,81,6.98,100
497,Kamenka,48.03,28.7,41.0,81,8.77,7
498,Vung Tau,10.35,107.08,87.08,62,2.67,47
499,Daru,-9.07,143.21,80.18,73,9.35,90
500,Bilma,18.69,12.92,84.42,38,10.23,11
501,Rosarito,4.91,-75.23,68.0,100,2.24,40
502,Bogotol,56.21,89.53,37.72,74,5.16,27
503,Rajshahi,24.37,88.59,75.81,89,4.92,100
504,Aberdeen,46.98,-123.82,45.37,93,10.13,40
505,Haines Junction,60.75,-137.51,19.22,64,3.47,99
506,Omboue,-1.57,9.26,77.65,86,11.03,100
507,Constantine,36.36,6.61,48.2,93,1.12,20
508,Komyshuvakha,48.64,37.46,37.22,62,5.49,97
509,Phangnga,8.45,98.53,86.95,66,4.7,20
510,Ulaangom,49.98,92.07,58.23,24,1.24,5
511,Norrkoping,58.59,16.18,41.85,100,2.24,100
512,Samana,0.12,-76.97,69.48,99,1.91,86
513,San Marco in Lamis,41.71,15.64,53.6,87,2.24,5
514,Kattivakkam,13.22,80.32,86.0,74,8.05,40
515,Zeya,53.74,127.27,35.27,71,4.05,100
516,Hokitika,-42.72,170.96,54.77,94,15.57,100
517,Garowe,8.41,48.48,75.0,77,10.13,86
518,Khandyga,62.65,135.58,30.05,70,12.55,100
519,Spirit River,55.78,-118.84,24.78,79,8.05,40
520,Dallas,32.78,-96.8,65.93,59,4.7,1
521,Ballinasloe,53.33,-8.22,45.82,83,11.45,35
522,Nantucket,41.28,-70.1,58.95,87,17.22,75
523,Makakilo City,21.35,-158.09,81.79,66,6.93,75
524,Seoul,37.57,126.98,63.75,36,1.12,1
525,Kitimat,54.02,-128.69,34.38,80,4.7,5
526,Negrasi,44.6,25.12,45.28,68,5.77,0
527,Maldonado,-34.91,-54.96,60.08,68,10.09,0
528,Portree,57.41,-6.19,50.0,88,8.01,99
529,Liepaja,56.52,21.02,47.89,100,15.26,65
530,Lingao,19.91,109.69,82.74,74,12.19,2
531,Nizwa,22.93,57.53,72.86,60,1.0,0
532,Reyes,-14.3,-67.34,70.12,82,1.74,0
533,Pangoa,-12.12,-73.0,68.58,85,2.27,1
534,Ajdabiya,30.75,20.22,76.53,56,24.09,18
535,Tadine,-21.55,167.88,73.25,79,11.59,0
536,Bajil,38.23,-2.07,54.0,95,1.99,0
537,Prince George,53.92,-122.75,27.77,63,3.36,90
538,Pervomayskoye,57.07,86.23,36.66,72,5.82,40
539,Kelvington,52.16,-103.52,33.76,59,12.24,100
540,Kimbe,-5.56,150.15,86.09,71,3.2,34
541,Scottsbluff,41.87,-103.67,54.05,45,5.82,1
542,Pitsunda,43.16,40.34,60.8,82,11.18,90
543,Santa Rosa,-36.62,-64.29,51.06,40,1.74,100
544,Iquique,-20.22,-70.14,60.8,72,3.36,90
545,Khonsa,26.99,95.51,67.37,96,0.63,99
546,Lagoa,37.14,-8.45,66.78,82,6.93,0
547,Okha,53.59,142.95,47.51,96,11.65,100
548,Grand Gaube,-20.01,57.66,70.81,83,11.41,75
549,Christchurch,-43.53,172.64,69.24,56,6.93,100
550,Angoram,-4.06,144.07,84.13,76,3.42,100
551,Aguachica,8.31,-73.6,68.36,96,3.26,100
552,Coquimbo,-29.95,-71.34,57.81,100,3.27,0
553,Touros,-5.2,-35.46,75.2,83,6.93,40
